Лабораторная работа №8 – Многоканальная СМО с отказами
Параметры: число каналов n = 5, μ = 10 заявок/сек

Таблица сравнения экспериментальных и теоретических показателей:

λ	P0(эксп)	P0(теор)	Pотк(эксп)	Pотк(теор)	Q(эксп)	Q(теор)	A(эксп)	A(теор)	ср.зан(эксп)	ср.зан(теор)
2,00	0,8117	0,8187	0,0000	0,0000	1,0000	1,0000	1,96	2,00	0,196	0,200
4,00	0,5982	0,6703	0,0000	0,0001	1,0000	0,9999	4,36	4,00	0,436	0,400
6,00	0,5484	0,5488	0,0000	0,0004	1,0000	0,9996	5,30	6,00	0,530	0,600
8,00	0,4892	0,4494	0,0000	0,0012	1,0000	0,9988	6,98	7,99	0,698	0,799
10,00	0,3907	0,3681	0,0000	0,0031	1,0000	0,9969	8,85	9,97	0,885	0,997
12,00	0,3716	0,3016	0,0016	0,0063	0,9984	0,9937	10,08	11,92	1,008	1,192
14,00	0,2518	0,2474	0,0039	0,0111	0,9961	0,9889	12,89	13,84	1,289	1,384
16,00	0,2320	0,2031	0,0084	0,0177	0,9916	0,9823	13,78	15,72	1,378	1,572
18,00	0,1403	0,1670	0,0133	0,0263	0,9867	0,9737	16,09	17,53	1,609	1,753
20,00	0,1459	0,1376	0,0078	0,0367	0,9922	0,9633	16,99	19,27	1,699	1,927

Дополнительная статистика:
λ	Всего заявок	Обслужено	Отказано
2,00	119	119	0
4,00	262	262	0
6,00	318	318	0
8,00	420	420	0
10,00	533	533	0
12,00	607	606	1
14,00	777	774	3
16,00	835	828	7
18,00	980	967	13
20,00	1029	1021	8
